,price,area,bedrooms,bathrooms,stories,mainroad,guestroom,basement,hotwaterheating,airconditioning,parking,prefarea,semi-furnished,unfurnished
311,0.2904761904761905,0.24712843717368604,0.2,0.0,0.3333333333333333,1,1,1,0,0,0.0,0,1,0
368,0.23809523809523808,0.22624434389140272,1.0,0.0,0.3333333333333333,1,0,0,0,0,0.3333333333333333,0,0,1
23,0.8452380952380952,0.5046989209885138,0.4,0.0,1.0,1,1,0,0,1,0.6666666666666666,0,0,1
271,0.3333333333333333,0.48149437289708785,0.4,0.0,0.0,1,0,0,1,0,0.6666666666666666,0,1,0
299,0.3047619047619048,0.28425571411996753,0.6,0.0,0.0,0,0,1,0,0,0.0,0,0,1
373,0.23809523809523808,0.2160343427311753,0.2,0.0,0.0,1,0,0,0,0,0.3333333333333333,1,0,1
5,0.9523809523809523,0.309780717020536,0.4,0.0,0.3333333333333333,1,0,1,1,0,0.6666666666666666,0,1,0
116,0.5428571428571428,0.38867618053138414,0.4,0.0,0.6666666666666666,1,0,0,0,1,0.0,0,1,0
45,0.7238095238095238,0.838844413505047,0.2,0.0,0.0,1,0,0,0,1,0.3333333333333333,0,1,0
185,0.4276190476190476,0.2053602506091194,0.6,0.5,0.3333333333333333,1,0,1,0,1,0.6666666666666666,0,1,0
16,0.9047619047619048,0.6207216614456433,0.4,0.0,1.0,1,0,0,0,1,0.6666666666666666,0,1,0
479,0.11428571428571428,0.22624434389140272,0.2,0.0,0.0,1,0,0,0,0,0.0,0,0,1
367,0.23809523809523808,0.21232161503654717,0.4,0.0,0.0,0,0,0,0,1,0.0,0,0,1
3,0.9714285714285714,0.3422670843485323,0.4,0.5,0.3333333333333333,1,1,0,0,1,0.6666666666666666,0,0,0
234,0.37047619047619046,0.21580229725026104,0.4,0.0,0.3333333333333333,1,0,0,0,0,0.0,0,1,0
384,0.22857142857142856,0.11138183083884441,0.4,0.0,0.3333333333333333,1,0,1,0,0,0.0,1,0,1
60,0.6666666666666666,0.5046989209885138,0.4,0.5,0.6666666666666666,1,1,0,0,1,0.0,0,0,0
110,0.5523809523809524,0.41188072862281006,0.4,0.0,0.6666666666666666,1,0,0,0,1,0.0,0,1,0
409,0.20952380952380953,0.4907761921336582,0.4,0.0,0.0,1,0,0,0,0,0.3333333333333333,0,0,1
420,0.19047619047619047,0.28367560041768186,0.2,0.0,0.0,1,0,0,0,0,0.6666666666666666,0,1,0
29,0.7904761904761904,0.5046989209885138,0.6,0.5,1.0,1,0,0,0,1,0.3333333333333333,0,0,0
274,0.3333333333333333,0.21696252465483234,0.4,0.0,0.3333333333333333,1,0,0,0,0,0.0,1,1,0
302,0.3047619047619048,0.26801253045596934,0.4,0.0,0.3333333333333333,1,0,0,0,0,0.0,0,0,0
26,0.8285714285714286,0.5464671075530804,0.4,0.5,1.0,1,0,0,0,1,0.0,1,0,0
7,0.9380952380952381,0.7425455389256295,0.4,0.0,0.0,1,1,1,0,1,0.3333333333333333,0,0,0
181,0.42857142857142855,0.15663069961712495,0.4,0.0,0.3333333333333333,1,0,1,0,1,0.0,0,1,0
467,0.13333333333333333,0.27265344007425457,0.4,0.0,0.3333333333333333,1,0,0,0,0,0.3333333333333333,0,0,1
108,0.56,0.3654716324399582,0.4,0.0,0.0,1,1,1,0,0,0.0,0,0,1
37,0.7619047619047619,0.5046989209885138,0.6,0.5,1.0,1,1,0,0,1,0.3333333333333333,0,0,0
157,0.4714285714285714,0.6439262095370692,0.4,0.0,0.3333333333333333,1,1,1,0,0,0.3333333333333333,1,0,0
483,0.10476190476190476,0.17751479289940827,0.4,0.0,0.0,0,0,0,0,0,0.0,0,0,1
118,0.5428571428571428,0.48149437289708785,0.4,0.5,1.0,1,0,0,0,1,0.0,0,0,1
114,0.5428571428571428,0.43508527671423597,0.6,0.5,0.3333333333333333,1,0,0,0,1,0.6666666666666666,0,0,1
266,0.3333333333333333,0.3202227636616777,0.2,0.0,0.0,0,0,0,0,0,0.3333333333333333,0,0,1
175,0.42857142857142855,0.28367560041768186,0.4,0.0,0.3333333333333333,0,1,1,0,1,0.0,0,1,0
421,0.19047619047619047,0.0,0.4,0.0,0.3333333333333333,0,0,1,0,0,0.0,0,0,1
349,0.2571428571428571,0.2877363963336814,0.4,0.5,0.3333333333333333,1,0,0,0,0,0.6666666666666666,0,1,0
144,0.47619047619047616,0.30281935259310827,0.6,0.0,0.3333333333333333,1,0,1,0,1,0.0,0,0,0
380,0.22857142857142856,0.27265344007425457,0.2,0.0,0.0,1,0,0,0,0,0.0,0,0,1
391,0.21904761904761905,0.38403527091309897,0.6,0.0,0.6666666666666666,0,0,0,0,0,0.0,0,1,0
211,0.38952380952380955,0.33182503770739064,0.6,0.5,0.3333333333333333,1,0,1,0,0,0.0,0,1,0
321,0.28095238095238095,0.1740341106856944,0.2,0.5,0.0,0,0,1,0,0,0.0,0,1,0
496,0.08571428571428572,0.18726070309780718,0.2,0.0,0.0,1,0,0,0,0,0.0,0,0,1
485,0.1,0.3190625362571064,0.4,0.0,0.3333333333333333,1,0,0,0,0,0.0,0,0,1
141,0.4942857142857143,0.556909154194222,0.4,0.5,0.0,1,1,1,1,0,0.0,0,0,1
376,0.23714285714285716,0.3770739064856712,0.4,0.0,0.3333333333333333,0,0,0,0,0,0.0,0,0,1
67,0.6428571428571429,0.26801253045596934,0.4,0.0,0.0,1,0,1,0,0,0.6666666666666666,0,1,0
408,0.20952380952380953,0.05743125652627915,0.4,0.0,0.3333333333333333,1,0,1,0,0,0.0,1,0,0
168,0.44285714285714284,0.7541478129713424,0.4,0.5,0.0,1,1,1,0,0,0.0,0,1,0
511,0.014285714285714285,0.15547047221255367,0.2,0.0,0.0,0,0,0,0,0,0.3333333333333333,0,0,1
433,0.18095238095238095,0.38403527091309897,0.2,0.0,0.0,1,0,1,0,1,0.0,0,0,1
228,0.37142857142857144,0.49135630583594386,0.2,0.0,0.0,1,0,0,0,1,0.3333333333333333,0,0,1
193,0.4142857142857143,0.7483466759484859,0.6,0.0,1.0,1,0,1,0,1,0.6666666666666666,0,1,0
81,0.6095238095238096,0.4466875507599489,0.4,0.0,0.6666666666666666,1,0,0,0,0,0.3333333333333333,1,0,1
109,0.5523809523809524,0.4847430096298875,0.6,0.0,1.0,1,1,0,0,0,0.0,0,1,0
428,0.18623809523809523,0.08678500986193294,0.4,0.0,0.0,1,0,0,0,0,0.0,1,1,0
145,0.47619047619047616,0.5673512008353637,0.6,0.5,0.3333333333333333,0,0,0,0,1,0.0,0,1,0
92,0.5895238095238096,0.30746026221139344,1.0,0.5,0.3333333333333333,1,0,0,0,0,0.0,0,0,0
152,0.47619047619047616,0.7970762269404803,0.4,0.0,0.0,1,0,0,0,1,0.6666666666666666,0,0,0
481,0.11428571428571428,0.22624434389140272,0.2,0.5,0.3333333333333333,1,0,1,0,0,0.3333333333333333,0,0,0
248,0.3495238095238095,0.2763661677688827,0.2,0.0,0.0,1,0,1,0,0,0.0,0,0,0
83,0.6047619047619047,0.5453068801485091,0.4,0.5,0.6666666666666666,1,1,0,0,1,0.0,0,0,0
103,0.5714285714285714,0.6578489383919248,0.6,0.5,0.3333333333333333,1,0,0,0,0,0.0,0,0,0
165,0.44761904761904764,0.6903353057199211,0.6,0.0,0.3333333333333333,1,0,0,0,1,0.6666666666666666,0,0,0
163,0.4523809523809524,0.47221255366051745,0.2,0.0,0.3333333333333333,1,0,0,0,1,0.0,1,0,1
199,0.4,0.40840004640909616,0.4,0.0,1.0,1,0,0,0,1,0.0,0,1,0
245,0.3523809523809524,0.28135514560853925,0.4,0.0,0.0,1,1,1,0,0,0.6666666666666666,0,1,0
74,0.6190476190476191,0.5046989209885138,0.6,0.5,1.0,1,0,0,0,0,0.3333333333333333,0,1,0
316,0.2857142857142857,0.2819352593108249,0.2,0.0,0.0,1,0,0,0,0,0.0,0,1,0
229,0.37142857142857144,0.27265344007425457,0.4,0.0,0.3333333333333333,1,0,0,0,0,0.6666666666666666,0,0,0
486,0.1,0.15663069961712495,0.4,0.0,0.3333333333333333,0,0,0,0,0,0.0,0,1,0
119,0.530952380952381,0.5812739296902193,0.6,0.5,0.3333333333333333,1,1,1,0,0,0.3333333333333333,1,1,0
386,0.2276190476190476,0.27729434969253974,0.2,0.0,0.0,1,0,0,0,0,0.0,0,0,1
442,0.17142857142857143,0.397493908806126,0.4,0.0,0.0,0,0,0,0,0,0.0,0,0,1
261,0.3333333333333333,0.3933170901496693,0.4,0.0,0.3333333333333333,1,0,1,0,1,0.0,0,0,1
364,0.23809523809523808,0.1608075182735816,0.4,0.0,0.3333333333333333,1,0,1,0,0,0.0,0,1,0
411,0.20476190476190476,0.2645318482422555,0.2,0.0,0.0,0,0,0,0,0,0.0,0,0,1
335,0.26666666666666666,0.278454577097111,0.2,0.0,0.0,1,0,0,0,0,0.0,0,0,0
262,0.3333333333333333,0.4872955099199443,0.2,0.0,0.0,1,1,1,0,0,0.6666666666666666,0,1,0
482,0.10476190476190476,0.1427079707622694,0.4,0.0,0.0,0,0,0,0,0,0.0,0,0,1
418,0.19047619047619047,0.27102912170785476,0.2,0.5,0.0,0,1,1,0,0,0.3333333333333333,0,0,1
394,0.21904761904761905,0.24016707274625826,0.2,0.0,0.0,0,0,0,0,1,0.0,0,0,1
280,0.32857142857142857,0.2819352593108249,0.4,0.0,0.3333333333333333,1,0,0,0,0,0.6666666666666666,0,1,0
36,0.7714285714285715,0.5424063116370809,0.4,0.0,1.0,1,0,0,0,1,0.3333333333333333,0,0,1
196,0.4095238095238095,0.5419422206752523,0.4,0.0,0.3333333333333333,1,0,1,0,1,0.3333333333333333,0,0,0
139,0.5,0.6004176818656457,0.4,0.0,0.0,1,1,1,0,1,0.0,1,1,0
375,0.23809523809523808,0.4907761921336582,0.2,0.0,0.0,1,0,0,0,0,0.0,0,0,1
495,0.08571428571428572,0.13191785589975635,0.6,0.5,0.3333333333333333,1,0,0,0,0,0.0,0,0,0
291,0.3142857142857143,0.3121011718296786,0.4,0.0,0.0,1,0,0,0,0,0.0,0,1,0
502,0.06666666666666667,0.03480682213713888,0.4,0.0,0.0,0,0,0,1,0,0.0,0,0,1
59,0.6666666666666666,0.4698920988513749,0.4,0.0,0.0,1,1,1,0,1,0.6666666666666666,1,0,0
464,0.14285714285714285,0.1160227404571296,0.4,0.0,0.3333333333333333,1,0,1,0,0,0.3333333333333333,0,0,1
111,0.5523809523809524,0.3654716324399582,0.4,0.0,0.6666666666666666,1,0,0,0,1,0.0,0,0,1
89,0.5904761904761905,0.5760529063696485,0.6,0.5,0.3333333333333333,1,1,0,1,0,0.3333333333333333,0,1,0
417,0.19047619047619047,0.20884093282283328,0.0,0.0,0.0,1,0,0,0,0,0.0,0,0,0
6,0.9428571428571428,0.6387051862164984,0.4,0.5,0.0,1,1,1,0,1,0.6666666666666666,0,0,1
371,0.23809523809523808,0.17055342847198052,0.4,0.0,0.3333333333333333,1,0,0,0,0,0.3333333333333333,0,0,1
354,0.2523809523809524,0.27265344007425457,0.2,0.0,0.0,1,0,0,0,0,0.0,1,1,0
346,0.2571428571428571,0.15663069961712495,0.2,0.0,0.3333333333333333,1,0,0,0,1,0.0,0,0,0
158,0.46190476190476193,0.20420002320454808,0.4,0.0,0.3333333333333333,0,0,0,0,1,0.0,0,1,0
150,0.47619047619047616,0.24944889198282863,0.4,0.0,0.3333333333333333,1,1,1,0,0,0.3333333333333333,1,0,1
392,0.21904761904761905,0.2865761689291101,0.2,0.0,0.3333333333333333,1,0,0,0,0,0.0,0,0,1
38,0.7619047619047619,0.4060795915999536,0.4,0.5,1.0,1,0,0,0,1,0.6666666666666666,0,1,0
322,0.2761904761904762,0.36779208724910084,0.4,0.0,0.3333333333333333,1,0,0,0,0,0.0,0,1,0
198,0.4085714285714286,0.5557489267896508,0.2,0.0,0.0,1,0,0,0,1,1.0,0,1,0
450,0.1619047619047619,0.22624434389140272,0.4,0.0,0.3333333333333333,0,0,0,0,0,0.3333333333333333,0,0,1
146,0.47619047619047616,0.4466875507599489,0.4,0.5,0.0,1,0,1,0,0,0.0,0,1,0
404,0.20952380952380953,0.5116602854159416,0.4,0.0,0.0,1,1,1,0,0,0.0,0,0,0
147,0.47619047619047616,1.0,0.4,0.0,0.0,1,0,0,0,0,0.3333333333333333,1,1,0
314,0.2857142857142857,0.17751479289940827,0.2,0.5,0.0,1,0,1,0,0,0.6666666666666666,0,1,0
493,0.08952380952380952,0.23030513980740225,0.2,0.0,0.0,0,0,0,0,0,0.0,0,0,1
123,0.5238095238095238,0.4466875507599489,0.4,0.5,0.3333333333333333,1,0,0,0,0,0.3333333333333333,0,1,0
402,0.20952380952380953,0.09861932938856016,0.2,0.0,0.0,0,0,0,0,1,0.0,0,0,1
96,0.580952380952381,0.6091193873999304,0.4,0.5,0.0,1,1,1,0,0,0.0,1,0,1
143,0.48095238095238096,0.3422670843485323,0.2,0.5,0.0,1,0,0,0,1,0.6666666666666666,0,1,0
239,0.36095238095238097,0.3747534516765286,0.4,0.0,0.0,1,0,0,0,0,0.6666666666666666,1,0,1
406,0.20952380952380953,0.2485207100591716,0.6,0.0,0.3333333333333333,1,0,0,0,0,0.0,0,1,0
97,0.5714285714285714,0.23784661793711567,0.6,0.0,0.3333333333333333,1,1,0,0,1,0.0,0,0,0
360,0.23809523809523808,0.30049889778396566,0.4,0.0,0.3333333333333333,1,0,0,0,1,0.0,0,1,0
122,0.5238095238095238,0.38867618053138414,0.4,0.0,1.0,1,0,0,0,0,0.0,0,0,0
183,0.42857142857142855,0.5882352941176471,0.4,0.0,0.0,1,0,0,0,0,0.0,0,0,1
202,0.4,0.930154310244808,0.6,0.5,0.3333333333333333,1,1,1,0,0,0.3333333333333333,0,1,0
246,0.3523809523809524,0.21464206984568976,0.6,0.0,0.3333333333333333,1,0,0,0,0,0.6666666666666666,0,0,0
484,0.10476190476190476,0.15663069961712495,0.2,0.0,0.3333333333333333,1,0,0,0,0,0.0,0,0,0
305,0.29523809523809524,0.4466875507599489,0.6,0.0,0.3333333333333333,1,1,1,0,0,0.0,0,1,0
361,0.23809523809523808,0.2320454809142592,0.4,0.0,0.3333333333333333,1,0,0,0,0,0.0,0,0,1
307,0.29523809523809524,0.19027729434969254,0.2,0.0,0.0,1,0,0,1,0,0.3333333333333333,0,0,0
407,0.20952380952380953,0.27729434969253974,0.2,0.0,0.0,1,0,0,0,0,0.0,0,0,1
290,0.3142857142857143,0.38774799860772713,0.4,0.5,0.3333333333333333,1,0,0,0,0,0.6666666666666666,0,0,1
125,0.5238095238095238,0.5743125652627915,0.6,0.5,0.0,1,0,1,0,0,0.0,1,1,0
310,0.29523809523809524,0.05743125652627915,0.6,0.5,0.0,1,0,1,0,0,0.0,1,0,1
223,0.3761904761904762,0.21580229725026104,0.4,0.0,0.6666666666666666,1,0,0,0,0,0.0,0,1,0
440,0.17142857142857143,0.13748694744169856,0.2,0.0,0.0,1,0,0,0,0,0.0,0,1,0
219,0.38095238095238093,0.21696252465483234,0.4,0.0,0.0,1,0,0,0,0,0.0,1,1,0
129,0.5142857142857142,0.19143752175426385,0.4,1.0,0.3333333333333333,1,0,1,0,0,0.0,0,1,0
432,0.1819047619047619,0.7483466759484859,0.2,0.0,0.0,1,0,0,0,0,0.3333333333333333,0,0,1
492,0.09523809523809523,0.7019375797656341,0.2,0.0,0.0,1,0,0,0,0,0.0,0,0,1
336,0.26666666666666666,0.22438798004408864,0.2,0.0,0.0,1,0,0,1,0,0.0,0,1,0
388,0.22380952380952382,0.20884093282283328,0.4,0.0,0.0,1,0,1,0,0,0.6666666666666666,0,0,1
297,0.30714285714285716,0.33066481030281936,0.4,0.0,0.3333333333333333,0,0,1,0,1,0.0,0,1,0
365,0.23809523809523808,0.27149321266968324,0.4,0.0,0.3333333333333333,1,0,0,0,0,0.0,0,1,0
301,0.3047619047619048,0.33066481030281936,0.4,0.5,0.3333333333333333,0,0,1,0,1,0.0,0,1,0
294,0.30952380952380953,0.2297250261051166,0.4,0.5,0.3333333333333333,1,0,0,1,0,0.6666666666666666,0,1,0
377,0.23333333333333334,0.16359206404455273,0.4,0.0,0.0,1,0,0,0,0,0.0,0,0,1
348,0.2571428571428571,0.5000580113702285,0.4,0.0,0.3333333333333333,1,1,1,0,0,0.0,0,0,1
112,0.5514285714285714,0.6207216614456433,0.4,0.0,0.0,1,0,1,0,0,0.6666666666666666,1,1,0
179,0.42857142857142855,0.5395057431256526,0.4,0.0,0.0,1,0,0,0,1,0.6666666666666666,0,1,0
453,0.1619047619047619,0.12182387747998608,0.2,0.0,0.0,0,0,0,0,0,0.0,0,0,0
347,0.2571428571428571,0.21696252465483234,0.2,0.5,0.0,1,0,1,0,0,0.0,0,1,0
338,0.26571428571428574,0.4408864137370925,0.2,0.0,0.0,1,0,0,0,0,0.0,0,0,0
499,0.07142857142857142,0.021580229725026105,0.2,0.0,0.0,0,0,1,0,0,0.0,0,1,0
370,0.23809523809523808,0.4930966469428008,0.2,0.0,0.0,1,0,0,0,0,0.3333333333333333,0,0,0
233,0.37047619047619046,0.17542638357117996,0.4,0.0,0.3333333333333333,1,0,0,0,1,0.3333333333333333,0,0,0
461,0.14761904761904762,0.19143752175426385,0.4,0.0,0.3333333333333333,0,0,0,0,0,0.3333333333333333,0,1,0
473,0.12380952380952381,0.09049773755656108,0.4,0.0,0.0,0,0,0,0,0,0.0,0,0,1
164,0.44761904761904764,0.21928297946397493,0.2,0.0,0.0,0,1,1,0,0,0.0,0,1,0
136,0.5047619047619047,0.529063696484511,0.6,0.0,1.0,1,1,0,0,1,0.0,0,0,0
197,0.4095238095238095,0.9966353405267433,0.2,0.0,0.0,1,0,0,0,1,0.6666666666666666,1,0,1
258,0.3380952380952381,0.580113702285648,0.4,0.0,0.3333333333333333,1,1,0,0,0,0.0,0,1,0
232,0.37047619047619046,0.5464671075530804,0.2,0.0,0.0,1,0,1,0,1,0.3333333333333333,0,0,0
115,0.5428571428571428,0.3469079939668175,0.6,0.0,0.3333333333333333,1,0,0,0,0,0.3333333333333333,0,1,0
120,0.5238095238095238,0.3654716324399582,0.8,0.5,0.6666666666666666,0,0,1,1,0,0.0,0,0,1
369,0.23809523809523808,0.2308852535096879,0.2,0.0,0.0,1,0,0,0,0,0.3333333333333333,0,1,0
224,0.3761904761904762,0.20884093282283328,0.4,0.0,0.3333333333333333,1,0,1,0,0,0.3333333333333333,0,1,0
414,0.2,0.11996751363267201,0.2,0.0,0.0,1,0,0,0,1,0.3333333333333333,0,0,1
355,0.24761904761904763,0.1740341106856944,0.4,0.0,0.3333333333333333,1,0,1,0,0,0.0,0,0,0
127,0.5190476190476191,0.3190625362571064,0.6,0.0,0.3333333333333333,1,0,0,0,1,0.6666666666666666,1,1,0
285,0.31952380952380954,0.22624434389140272,0.4,0.0,0.0,1,0,1,0,1,0.0,1,0,0
423,0.19047619047619047,0.591715976331361,0.2,0.0,0.0,1,0,0,0,0,0.0,0,1,0
107,0.560952380952381,0.4466875507599489,0.4,0.0,0.6666666666666666,1,1,0,0,1,0.3333333333333333,0,0,0
381,0.22857142857142856,0.17809490660169394,0.2,0.0,0.0,1,0,0,0,0,0.6666666666666666,0,0,1
333,0.26666666666666666,0.27729434969253974,0.2,0.0,0.0,1,0,0,0,0,0.0,0,1,0
133,0.5095238095238095,0.13539853811347025,0.6,0.5,0.3333333333333333,0,1,1,0,0,0.3333333333333333,0,0,0
374,0.23809523809523808,0.9107785125884673,0.4,0.0,0.3333333333333333,1,0,0,0,0,1.0,1,0,1
44,0.7333333333333333,0.5046989209885138,0.4,0.5,0.3333333333333333,1,1,0,0,0,0.3333333333333333,0,1,0
476,0.12285714285714286,0.17809490660169394,0.2,0.0,0.0,1,0,0,0,1,0.0,0,0,1
65,0.6476190476190476,0.7657500870170554,0.4,0.5,0.6666666666666666,1,0,0,0,1,0.0,0,0,0
283,0.3238095238095238,0.5029585798816568,0.4,0.0,0.0,1,0,1,0,0,0.0,0,1,0
85,0.6,0.33066481030281936,0.4,0.0,1.0,1,0,0,0,1,0.0,0,0,1
242,0.35714285714285715,0.2610511660285416,0.4,0.0,0.3333333333333333,1,0,0,0,0,0.0,0,0,1
186,0.4276190476190476,0.38809606682909853,0.6,0.5,0.0,1,0,1,0,0,0.0,0,1,0
395,0.21904761904761905,0.24364775495997215,0.4,0.0,0.0,1,0,0,0,0,0.0,0,0,1
159,0.46190476190476193,0.7344239470936303,0.4,0.0,0.0,1,0,0,0,0,0.3333333333333333,1,1,0
12,0.9047619047619048,0.8382642998027613,0.4,0.0,0.0,1,0,0,0,0,0.3333333333333333,0,1,0
35,0.7714285714285715,0.6717716672467804,0.4,0.5,1.0,1,0,0,0,0,0.3333333333333333,1,0,1
28,0.8095238095238095,0.5046989209885138,0.6,0.5,1.0,1,0,0,0,0,0.6666666666666666,0,1,0
170,0.4380952380952381,0.7003132613992342,0.4,0.0,0.0,1,1,1,1,0,0.0,0,1,0
142,0.4857142857142857,0.713539853811347,0.4,0.0,0.0,1,0,1,0,1,0.6666666666666666,1,0,1
410,0.20476190476190476,0.33066481030281936,0.2,0.0,0.0,0,0,0,0,0,0.0,0,1,0
436,0.18095238095238095,0.33066481030281936,0.2,0.0,0.3333333333333333,1,0,0,1,0,0.3333333333333333,0,1,0
221,0.38,0.28425571411996753,0.2,0.5,0.0,1,1,1,0,0,0.0,0,1,0
95,0.580952380952381,0.7367444019027729,0.4,0.0,0.0,1,1,1,0,1,0.6666666666666666,1,1,0
51,0.6857142857142857,0.27265344007425457,0.4,0.5,0.3333333333333333,1,0,1,0,1,0.0,1,1,0
240,0.36095238095238097,0.3793943612948138,0.4,0.0,0.3333333333333333,1,0,0,0,0,0.3333333333333333,0,1,0
383,0.22857142857142856,0.05743125652627915,0.4,0.0,0.6666666666666666,1,0,0,0,0,0.0,1,0,0
351,0.2571428571428571,0.072514212785706,0.4,0.0,0.6666666666666666,1,0,0,1,1,0.0,1,1,0
390,0.21904761904761905,0.21464206984568976,0.6,0.0,0.3333333333333333,1,0,0,0,1,0.6666666666666666,0,0,1
178,0.42857142857142855,0.36199095022624433,0.4,0.0,0.0,1,1,1,0,0,0.0,0,1,0
41,0.7476190476190476,0.8527671423599026,0.6,0.5,1.0,1,1,0,0,1,0.3333333333333333,1,0,0
449,0.1619047619047619,0.38403527091309897,0.2,0.0,0.0,1,0,0,0,0,0.0,0,0,1
399,0.21523809523809523,0.05743125652627915,0.4,0.0,0.3333333333333333,1,0,1,0,0,0.0,1,0,0
206,0.3904761904761905,0.2912170785473953,0.4,0.0,0.0,1,1,1,0,1,0.0,0,0,1
282,0.3238095238095238,0.3459798120431605,0.6,0.0,0.3333333333333333,1,0,0,0,1,0.0,0,1,0
358,0.24761904761904763,0.2308852535096879,0.2,0.0,0.0,1,0,0,0,0,0.0,0,0,1
254,0.34285714285714286,0.33066481030281936,0.2,0.0,0.0,1,0,0,0,1,0.6666666666666666,0,0,0
424,0.19047619047619047,0.8527671423599026,0.4,0.0,0.3333333333333333,1,0,0,0,0,0.6666666666666666,0,1,0
4,0.9666666666666667,0.5534284719805082,0.4,0.5,0.3333333333333333,1,0,0,0,1,0.3333333333333333,1,1,0
256,0.34285714285714286,0.3144216266388212,0.6,0.0,0.3333333333333333,1,0,0,0,0,0.0,0,0,0
462,0.14761904761904762,0.3132613992342499,0.4,0.0,0.3333333333333333,0,0,0,1,0,0.3333333333333333,0,0,1
100,0.5714285714285714,0.5673512008353637,0.4,0.0,0.0,1,1,1,0,0,0.6666666666666666,1,0,0
226,0.3761904761904762,0.21696252465483234,0.2,0.0,0.3333333333333333,1,0,0,0,0,0.0,1,0,0
439,0.17142857142857143,0.18447615732683606,0.4,0.0,0.3333333333333333,1,0,0,0,0,0.6666666666666666,0,1,0
213,0.38571428571428573,0.25408980160111383,0.4,0.0,0.3333333333333333,1,0,0,0,0,0.3333333333333333,1,1,0
434,0.18095238095238095,0.05917159763313609,0.4,0.0,0.3333333333333333,0,0,1,0,0,0.0,0,1,0
171,0.4361904761904762,0.13342615152569903,0.4,0.5,0.3333333333333333,0,0,1,0,1,0.3333333333333333,0,1,0
98,0.5714285714285714,0.5534284719805082,0.4,0.0,0.0,1,0,1,0,1,0.0,1,0,0
292,0.3142857142857143,0.15663069961712495,0.6,0.0,0.6666666666666666,1,0,1,0,1,0.6666666666666666,0,1,0
215,0.38095238095238093,0.2308852535096879,0.4,0.0,0.3333333333333333,1,0,0,0,1,0.0,0,0,0
61,0.6638095238095238,0.5046989209885138,0.4,0.0,0.3333333333333333,1,0,0,1,0,0.3333333333333333,1,1,0
47,0.719047619047619,0.5464671075530804,0.6,0.5,0.6666666666666666,1,0,0,0,1,0.6666666666666666,1,0,0
32,0.780952380952381,0.5743125652627915,0.4,0.0,1.0,1,0,0,0,1,1.0,1,0,0
267,0.3333333333333333,0.27265344007425457,0.6,0.5,0.3333333333333333,0,0,0,0,0,0.0,0,1,0
327,0.2761904761904762,0.7831534980856247,0.2,0.0,0.0,1,0,0,0,0,0.3333333333333333,0,0,0
200,0.4,0.5046989209885138,0.2,0.0,0.0,1,0,1,0,1,0.3333333333333333,0,0,0
460,0.15,0.41188072862281006,0.6,0.0,0.6666666666666666,1,0,0,0,0,0.0,0,0,1
27,0.8095238095238095,0.5603898364079359,0.4,0.5,1.0,1,0,0,0,1,0.6666666666666666,0,0,1
425,0.19047619047619047,0.1646362687086669,0.2,0.0,0.0,1,0,0,0,0,0.3333333333333333,0,0,1
230,0.37142857142857144,0.7657500870170554,0.4,0.0,0.0,1,0,0,0,0,0.0,0,0,0
260,0.3333333333333333,0.4466875507599489,0.4,0.0,0.3333333333333333,1,0,0,0,1,0.0,0,0,1
378,0.23333333333333334,0.4258034574776656,0.2,0.0,0.0,1,0,0,0,0,0.3333333333333333,1,0,1
288,0.319047619047619,0.4582898248056619,0.2,0.0,0.0,1,0,0,0,1,0.0,0,1,0
162,0.45714285714285713,0.5163011950342267,0.4,0.0,0.0,1,0,1,0,1,0.0,1,1,0
437,0.1761904761904762,0.24944889198282863,0.2,0.0,0.0,1,0,0,0,0,0.0,0,0,1
138,0.5047619047619047,0.5743125652627915,0.6,0.5,0.3333333333333333,1,1,1,0,0,0.0,1,1,0
62,0.6619047619047619,0.27265344007425457,0.4,0.5,0.3333333333333333,1,0,1,0,1,0.3333333333333333,0,1,0
135,0.5047619047619047,0.1740341106856944,0.4,0.5,0.0,1,1,1,0,1,0.0,0,0,0
128,0.5190476190476191,0.43508527671423597,0.8,0.0,0.3333333333333333,1,1,1,0,1,0.0,1,0,0
494,0.08571428571428572,0.09571876087713192,0.4,0.0,0.3333333333333333,1,0,0,0,0,0.0,0,0,0
8,0.9380952380952381,0.33762617473024714,0.4,0.5,0.3333333333333333,1,1,1,0,1,0.3333333333333333,0,0,0
326,0.2761904761904762,0.13992342499129828,0.4,0.0,0.6666666666666666,1,0,0,0,0,0.0,1,0,0
480,0.11428571428571428,0.3190625362571064,0.2,0.0,0.0,1,0,0,0,0,0.0,0,0,1
64,0.6476190476190476,0.24480798236454346,0.4,0.0,0.3333333333333333,1,0,0,1,0,0.6666666666666666,0,1,0
300,0.3047619047619048,0.5603898364079359,0.4,0.0,0.3333333333333333,0,0,0,0,1,0.3333333333333333,0,1,0
14,0.9047619047619048,0.4466875507599489,0.6,0.5,0.3333333333333333,1,0,1,0,1,0.3333333333333333,1,1,0
156,0.4714285714285714,0.33066481030281936,0.6,0.5,0.0,0,0,1,0,1,0.6666666666666666,0,1,0
40,0.7619047619047619,0.5046989209885138,0.4,0.0,0.3333333333333333,1,0,0,0,1,0.3333333333333333,0,0,1
379,0.23333333333333334,0.05743125652627915,0.4,0.0,0.6666666666666666,1,0,0,0,0,0.0,1,0,0
478,0.11619047619047619,0.1461886529759833,0.2,0.0,0.0,0,0,0,0,0,0.0,0,0,1
415,0.2,0.309780717020536,0.4,0.0,0.0,0,0,0,0,0,0.3333333333333333,0,0,1
216,0.38095238095238093,0.10442046641141664,0.4,0.0,0.3333333333333333,1,0,1,0,0,0.0,0,0,0
279,0.32857142857142857,0.3701125420582434,0.4,0.0,0.3333333333333333,1,0,0,0,0,0.3333333333333333,0,1,0
448,0.1619047619047619,0.4872955099199443,0.4,0.0,0.3333333333333333,1,0,1,0,0,0.3333333333333333,0,0,1
444,0.17142857142857143,0.2297250261051166,0.6,0.0,0.3333333333333333,1,0,0,0,0,1.0,0,1,0
337,0.26571428571428574,0.17055342847198052,0.4,0.0,0.3333333333333333,0,0,1,1,0,0.0,0,1,0
236,0.3619047619047619,0.2689407123796264,0.4,0.0,0.3333333333333333,0,0,0,0,0,0.0,0,1,0
207,0.3904761904761905,0.258730711219399,0.4,0.5,0.3333333333333333,1,0,1,0,0,0.6666666666666666,0,1,0
212,0.38571428571428573,0.27265344007425457,0.4,0.0,0.3333333333333333,1,0,0,0,0,0.3333333333333333,0,0,0
295,0.30952380952380953,0.21000116022740456,0.4,0.5,0.0,1,0,1,0,1,0.3333333333333333,0,0,0
471,0.12380952380952381,0.2297250261051166,0.4,1.0,0.3333333333333333,0,1,0,0,0,0.0,0,0,1
251,0.3438095238095238,0.2030397957999768,0.4,0.0,0.3333333333333333,1,0,1,0,0,0.6666666666666666,1,1,0
506,0.047619047619047616,0.15663069961712495,0.6,0.0,0.3333333333333333,1,0,0,0,0,0.0,0,0,1
472,0.12380952380952381,0.13342615152569903,0.4,0.0,0.0,1,0,0,0,0,0.0,0,0,1
303,0.3047619047619048,0.278454577097111,0.2,0.0,0.3333333333333333,1,1,1,0,0,0.0,1,0,1
350,0.2571428571428571,0.1392272885485555,0.4,0.5,0.3333333333333333,0,0,1,0,0,0.0,1,0,1
269,0.3333333333333333,0.3422670843485323,0.4,0.5,0.3333333333333333,1,0,0,0,1,0.3333333333333333,0,1,0
201,0.4,0.2297250261051166,0.4,0.0,0.3333333333333333,1,0,0,0,0,0.6666666666666666,0,1,0
161,0.45714285714285713,0.15663069961712495,0.4,0.0,0.3333333333333333,1,0,1,0,0,0.0,0,0,1
43,0.7428571428571429,0.5046989209885138,0.4,0.5,1.0,1,1,0,0,1,0.3333333333333333,0,0,0
217,0.38095238095238093,0.4258034574776656,0.4,0.0,0.3333333333333333,1,1,1,0,0,0.0,1,1,0
401,0.21428571428571427,0.36257106392853,0.6,0.0,0.3333333333333333,1,0,0,0,0,0.0,0,0,1
190,0.41904761904761906,0.6047105232625595,0.4,0.0,0.3333333333333333,1,0,0,0,1,0.6666666666666666,1,0,0
309,0.29523809523809524,0.7460262211393434,0.4,0.0,0.0,1,0,0,0,1,0.6666666666666666,0,1,0
259,0.3380952380952381,0.13191785589975635,0.4,0.0,0.0,1,0,1,0,0,0.0,1,0,0
105,0.5619047619047619,0.6392852999187841,0.4,0.0,0.0,1,0,1,0,0,0.6666666666666666,1,0,1
53,0.6761904761904762,0.39099663534052675,0.4,0.0,1.0,1,0,0,0,1,0.0,1,0,1
389,0.22380952380952382,0.2308852535096879,0.2,0.0,0.0,1,0,0,0,0,0.0,0,0,0
1,1.0,0.5743125652627915,0.6,0.5,0.3333333333333333,1,1,1,0,1,0.3333333333333333,1,0,1
455,0.1619047619047619,0.5760529063696485,0.4,0.0,0.3333333333333333,1,0,0,0,0,0.0,0,1,0
500,0.07142857142857142,0.2691727578605407,0.0,0.0,0.0,0,0,0,0,0,0.0,0,0,1
49,0.7,0.7019375797656341,0.4,0.5,0.0,1,0,0,0,0,0.6666666666666666,0,0,1
419,0.19047619047619047,0.21464206984568976,0.2,0.0,0.0,0,0,1,0,0,0.0,0,1,0
80,0.6095238095238096,0.5743125652627915,0.4,0.5,0.0,1,0,1,0,1,0.0,1,0,1
205,0.3952380952380952,0.2430676412576865,0.4,0.0,0.3333333333333333,1,0,1,0,0,0.0,0,0,0
34,0.7714285714285715,0.6717716672467804,0.4,0.5,0.0,1,1,1,0,1,0.0,1,1,0
430,0.18571428571428572,0.2552500290056851,0.4,0.0,0.3333333333333333,1,0,0,0,0,0.0,0,0,1
263,0.3333333333333333,0.11138183083884441,0.6,1.0,0.3333333333333333,0,0,0,0,0,0.0,0,1,0
427,0.18761904761904763,0.4461074370576633,0.4,0.0,0.0,1,0,1,0,0,0.0,0,0,1
488,0.09523809523809523,0.18447615732683606,0.2,0.0,0.0,0,1,0,0,0,0.3333333333333333,0,0,1
366,0.23809523809523808,0.6699153033994663,0.4,0.0,0.0,0,0,0,0,0,0.0,0,0,1
91,0.5904761904761905,0.7799048613528251,0.4,0.0,0.6666666666666666,1,0,0,0,1,0.6666666666666666,0,0,1
339,0.2619047619047619,0.2297250261051166,0.2,0.0,0.0,1,0,1,0,0,0.0,0,0,0
490,0.09523809523809523,0.21464206984568976,0.2,0.0,0.0,1,1,0,0,0,0.0,0,0,1
52,0.680952380952381,0.5046989209885138,0.6,0.5,1.0,1,0,0,0,1,0.0,0,0,1
345,0.2571428571428571,0.17751479289940827,0.4,0.0,0.3333333333333333,0,0,1,0,0,0.0,0,1,0
264,0.3333333333333333,0.15117763081563987,0.4,0.0,0.3333333333333333,1,0,1,0,1,0.0,0,0,1
241,0.3580952380952381,0.3828750435085277,0.6,0.0,0.3333333333333333,1,0,0,0,1,0.0,0,1,0
13,0.9047619047619048,0.7309432648799165,0.8,0.5,0.3333333333333333,1,0,1,1,0,0.6666666666666666,0,0,1
315,0.2857142857142857,0.6383571179951271,0.4,0.0,0.3333333333333333,1,0,0,0,1,0.0,0,0,0
88,0.5928571428571429,0.18447615732683606,0.6,0.0,0.6666666666666666,1,0,0,0,0,0.3333333333333333,0,1,0
387,0.22380952380952382,0.3637312913331013,0.4,0.0,0.3333333333333333,1,1,1,0,1,0.3333333333333333,0,0,0
273,0.3333333333333333,0.2818192365703678,0.4,0.0,0.6666666666666666,1,0,0,0,0,0.0,0,1,0
166,0.44761904761904764,0.5743125652627915,0.4,0.0,0.0,1,1,1,0,0,0.0,1,0,0
328,0.2752380952380952,0.7657500870170554,0.4,0.0,0.0,1,0,0,0,0,0.6666666666666666,0,0,0
510,0.01904761904761905,0.23192945817380206,0.2,0.0,0.0,1,0,0,0,0,0.0,0,0,1
134,0.5095238095238095,0.7344239470936303,0.4,0.0,0.0,1,0,0,0,0,0.6666666666666666,0,1,0
306,0.29523809523809524,0.15663069961712495,0.4,0.0,0.3333333333333333,1,0,0,0,0,0.0,0,1,0
498,0.0761904761904762,0.17751479289940827,0.2,0.0,0.0,1,0,0,0,0,0.0,0,0,1
319,0.2857142857142857,0.06102796148045017,0.2,0.0,0.3333333333333333,1,1,0,0,0,0.0,1,1,0
243,0.3523809523809524,0.33066481030281936,0.4,0.5,0.6666666666666666,1,0,0,1,0,0.3333333333333333,0,0,0
54,0.6714285714285714,0.5743125652627915,0.2,0.5,1.0,1,0,1,0,0,0.0,1,0,0
363,0.23809523809523808,0.05627102912170785,0.4,0.5,0.3333333333333333,0,0,0,0,0,0.0,0,0,1
50,0.6952380952380952,0.5046989209885138,0.4,0.0,0.0,1,0,0,0,1,0.3333333333333333,0,0,0
470,0.12380952380952381,0.040607959159995356,0.2,0.0,0.3333333333333333,1,0,0,0,0,0.0,0,1,0
174,0.42857142857142855,0.33298526511196197,0.4,0.0,0.3333333333333333,1,0,1,0,1,0.0,0,1,0
445,0.17047619047619048,0.7425455389256295,0.2,0.0,0.0,1,0,0,0,0,0.0,0,0,1
189,0.41904761904761906,0.5093398306067989,0.4,0.0,0.0,1,0,0,0,0,0.6666666666666666,1,1,0
514,0.0,0.2285647987005453,0.2,0.0,0.0,1,0,0,0,0,0.0,0,0,1
463,0.14761904761904762,0.1148625130525583,0.2,0.0,0.0,0,0,0,0,0,0.3333333333333333,0,0,0
187,0.4238095238095238,0.3132613992342499,0.2,0.0,0.0,1,0,1,0,0,0.0,0,0,1
475,0.12380952380952381,0.27265344007425457,0.4,0.0,0.0,1,0,0,0,0,0.0,0,1,0
169,0.4380952380952381,0.3202227636616777,0.6,1.0,0.3333333333333333,1,0,1,0,0,0.6666666666666666,0,1,0
58,0.6666666666666666,0.5627102912170785,0.4,0.5,0.6666666666666666,1,0,0,0,1,0.0,1,0,0
474,0.12380952380952381,0.21232161503654717,0.2,0.0,0.0,1,0,0,0,0,0.3333333333333333,0,1,0
48,0.7047619047619048,0.838844413505047,0.4,0.5,0.3333333333333333,1,0,1,0,1,0.3333333333333333,0,0,0
344,0.2571428571428571,0.22276366167768882,0.4,0.0,0.3333333333333333,1,0,1,0,0,0.0,0,1,0
235,0.36666666666666664,0.24364775495997215,0.2,0.0,0.0,1,1,1,0,0,0.0,0,1,0
252,0.34285714285714286,0.5464671075530804,0.2,0.0,0.0,1,0,0,0,0,0.0,0,0,0
21,0.8561904761904762,0.6766446223459798,0.4,0.5,0.6666666666666666,1,0,0,1,0,0.3333333333333333,1,0,0
313,0.2857142857142857,0.423483002668523,0.8,0.5,0.3333333333333333,1,0,0,0,0,0.0,0,1,0
459,0.1523809523809524,0.43508527671423597,0.6,0.0,0.3333333333333333,1,0,0,0,0,0.0,0,0,1
160,0.45714285714285713,0.15663069961712495,0.4,0.5,0.3333333333333333,1,1,1,0,0,0.0,0,0,0
276,0.3333333333333333,0.33066481030281936,0.4,0.0,0.0,1,0,1,0,0,0.0,0,0,0
443,0.17142857142857143,0.24364775495997215,0.4,0.0,0.3333333333333333,1,0,0,0,0,0.0,0,0,1
191,0.41904761904761906,0.3672119735468152,0.2,0.0,0.0,1,0,0,0,1,0.0,1,1,0
385,0.22857142857142856,0.03480682213713888,0.4,0.5,0.3333333333333333,1,0,1,0,0,0.0,1,0,1
293,0.3142857142857143,0.309780717020536,0.4,0.0,0.3333333333333333,1,0,0,0,0,0.6666666666666666,1,0,0
413,0.2,0.3155818540433925,0.4,0.0,0.3333333333333333,1,0,0,0,0,0.0,0,0,1
491,0.09523809523809523,0.3701125420582434,0.2,0.0,0.3333333333333333,1,0,0,0,0,0.0,0,0,1
343,0.2571428571428571,0.30513980740225083,0.2,0.0,0.0,1,0,0,0,1,0.6666666666666666,0,1,0
257,0.34285714285714286,0.7100591715976331,0.2,0.0,0.0,1,0,0,0,0,0.3333333333333333,0,0,0
308,0.29523809523809524,0.2513052558301427,0.2,0.0,0.0,1,0,1,0,1,0.6666666666666666,0,0,0
149,0.47619047619047616,0.423483002668523,0.6,0.5,0.0,1,0,0,0,1,0.0,1,0,1
130,0.5142857142857142,0.2320454809142592,0.4,0.5,0.3333333333333333,1,0,0,0,0,0.6666666666666666,0,1,0
151,0.47619047619047616,0.9455853347256062,0.6,0.5,0.3333333333333333,1,1,0,0,0,0.6666666666666666,0,1,0
359,0.24285714285714285,0.2552500290056851,0.4,0.0,0.0,1,0,0,0,0,0.6666666666666666,0,0,1
99,0.5714285714285714,0.6230421162547859,0.4,0.0,0.0,1,0,1,0,1,0.6666666666666666,1,1,0
372,0.23809523809523808,0.6613296206056387,0.2,0.0,0.0,1,0,0,0,0,0.3333333333333333,0,1,0
87,0.5952380952380952,0.5534284719805082,0.4,0.0,0.6666666666666666,1,0,1,0,0,0.0,1,0,1
458,0.1523809523809524,0.5046989209885138,0.2,0.0,0.0,1,0,0,0,0,0.0,0,1,0
330,0.2752380952380952,0.6126000696136443,0.6,0.0,0.3333333333333333,0,0,0,0,0,0.3333333333333333,0,0,0
214,0.38095238095238093,0.24480798236454346,0.4,0.0,0.0,1,0,0,0,0,0.6666666666666666,0,1,0
466,0.13333333333333333,0.5975171133542174,0.2,0.0,0.0,1,0,0,0,0,0.0,0,0,1
121,0.5238095238095238,0.35386935839424527,0.6,0.0,0.3333333333333333,1,1,1,0,1,0.3333333333333333,0,0,0
516,0.0,0.2552500290056851,0.4,0.0,0.3333333333333333,1,0,0,0,0,0.0,0,0,1
20,0.861352380952381,0.6207216614456433,0.4,0.5,1.0,1,0,0,0,1,0.6666666666666666,0,0,0
188,0.41904761904761906,0.2912170785473953,0.4,0.0,0.6666666666666666,1,0,0,0,0,0.0,0,0,1
71,0.6352380952380953,0.591715976331361,0.2,0.0,0.0,1,1,1,0,0,0.6666666666666666,1,0,0
106,0.5619047619047619,0.5627102912170785,0.4,0.5,0.6666666666666666,1,0,0,0,1,0.0,0,0,1
270,0.3333333333333333,0.2308852535096879,0.4,0.5,0.3333333333333333,1,0,1,0,0,0.0,0,0,1
435,0.18095238095238095,0.16707274625826662,0.2,0.0,0.0,1,1,1,0,0,0.0,0,0,1
102,0.5714285714285714,0.5341686970646247,0.6,0.5,0.0,1,0,1,0,0,0.3333333333333333,1,1,0
